0.000 9.000 1.972 2.315 0.000 7.600 1.595 1.219 -3.974 4.398 0.180 2.812 
0.000 8.000 1.486 1.914 0.000 4.400 1.546 0.898 -0.987 8.196 4.282 2.687 
0.000 6.600 1.125 1.311 0.100 4.300 0.907 0.933 2.556 11.271 9.194 2.154 
0.000 5.000 0.427 0.718 0.000 1.600 0.147 0.226 8.946 12.023 11.739 0.527 
0.000 1.500 0.156 0.212 0.000 2.500 0.240 0.254 11.632 11.986 11.778 0.103 
0.000 6.900 2.111 2.513 0.000 6.400 1.303 0.888 -2.816 6.598 1.541 3.503 
0.000 9.500 1.914 2.365 0.000 3.300 1.359 0.815 0.348 11.529 6.547 3.488 
0.000 9.000 1.387 1.680 0.000 4.100 0.487 0.719 4.607 16.197 13.537 2.841 
0.000 5.500 0.454 0.779 0.000 0.700 0.045 0.093 13.649 17.022 16.715 0.578 
0.000 1.500 0.161 0.219 0.000 1.500 0.082 0.126 16.616 16.984 16.768 0.107 
0.000 5.900 2.092 2.469 0.000 3.700 1.090 0.687 -2.490 8.701 2.846 4.047 
0.000 8.300 2.278 2.574 0.000 3.100 1.108 0.785 0.860 15.048 9.084 4.169 
0.000 10.000 1.537 1.890 0.000 3.900 0.190 0.396 7.697 21.171 18.186 3.260 
0.000 5.700 0.463 0.799 0.000 0.400 0.010 0.037 18.541 22.022 21.706 0.596 
0.000 1.600 0.165 0.224 0.000 0.800 0.021 0.061 21.611 21.984 21.765 0.108 
0.000 5.600 1.867 2.244 0.000 3.100 0.885 0.608 -2.098 11.261 4.309 4.611 
0.000 7.700 2.524 2.663 0.000 2.900 0.730 0.714 1.363 19.223 12.201 4.832 
0.000 9.100 1.576 1.887 0.000 1.500 0.055 0.138 11.813 26.162 23.040 3.448 
0.000 5.700 0.465 0.801 0.000 0.200 0.001 0.012 23.506 27.021 26.704 0.602 
0.000 1.600 0.165 0.224 0.000 0.300 0.004 0.021 26.610 26.984 26.764 0.108 
0.000 5.300 1.662 2.029 0.000 2.800 0.757 0.567 -1.348 13.906 5.918 5.282 
0.000 7.300 2.589 2.607 0.000 2.900 0.423 0.599 2.459 23.892 15.981 5.465 
0.000 8.800 1.588 1.882 0.000 0.500 0.014 0.047 16.485 31.159 27.988 3.517 
0.000 5.800 0.467 0.808 0.000 0.100 0.000 0.003 28.495 32.021 31.703 0.604 
0.000 1.600 0.166 0.225 0.000 0.100 0.001 0.008 31.609 31.984 31.763 0.108 
